u	v	angleDeg	lengthCm
0.185	0.724	53.779	31.446
0.702	0.142	104.973	8.808
0.573	0.233	93.271	11.717
0.168	0.661	43.771	26.71
0.944	0.382	172.696	16.208
0.943	0.978	172.635	89.671
0.129	0.107	22.499	7.515
0.833	0.071	132.433	6.491
0.468	0.413	87.276	17.118
0.55	0.766	91.65	35.274
0.553	0.297	91.823	13.461
0.239	0.218	69.705	11.299
0.761	0.954	110.404	72.327
0.181	0.779	51.661	36.443
0.405	0.866	84.515	45.252
0.854	0.157	146.346	9.346
0.976	0.292	176.688	13.324
0.226	0.83	67.104	41.507
0.445	0.193	86.32	10.54
0.075	0.77	12.048	35.604
0.662	0.547	101.348	22.284
0.388	0.357	83.449	15.391
0.837	0.954	134.825	72.325
0.151	0.329	32.128	14.404
0.347	0.701	80.808	29.589
0.489	0.126	88.234	8.196
0.149	0.969	31.386	82.007
0.357	0.248	81.457	12.155
0.963	0.692	175.029	28.844
0.132	0.014	23.562	3.192
0.01	0.265	1.372	12.637
0.165	0.909	41.452	55.839
0.81	0.072	119.863	6.499
0.869	0.631	154.681	25.061
0.514	0.197	89.547	10.664
0.627	0.448	98.156	18.349
0.844	0.362	140.178	15.555
0.285	0.725	75.926	31.554
0.667	0.854	101.821	44.005
0.15	0.394	32.109	16.554
0.982	0.086	177.518	6.898
0.297	0.872	77.074	45.982
0.115	0.441	18.893	18.061
0.163	0.475	40.464	19.508
0.944	0.946	172.729	68.666
0.795	0.02	115.478	3.521
0.975	0.049	176.443	5.457
0.349	0.997	80.929	124.667
0.502	0.461	88.895	18.887
0.81	0.311	119.94	13.868
0.007	0.924	0.808	61.301
0.015	0.857	2.152	44.334
0.683	0.761	103.26	34.795
0.93	0.857	170.018	44.254
0.275	0.593	74.901	23.609
0.812	0.016	120.505	3.318
0.786	0.863	113.765	44.878
0.989	0.001	178.778	1.942
0.614	0.26	96.875	12.515
0.71	0.591	105.684	23.555
0.77	0.933	111.492	64.627
0.887	0.139	161.169	8.69
0.625	0.403	97.956	16.835
0.26	0.237	73.011	11.845
0.859	0.216	149.689	11.224
0.437	0.955	86.027	73.052
0.388	0.775	83.487	36.058
0.462	0.926	86.997	62.182
0.219	0.317	65.427	14.046
0.066	0.998	10.601	129.208
0.276	0.286	74.935	13.164
0.31	0.984	78.178	95.682
0.042	0.137	6.707	8.616
0.185	0.769	53.675	35.561
0.183	0.18	53.016	10.137
0.755	0.393	109.881	16.52
0.288	0.847	76.244	43.316
0.868	0.168	154.218	9.729
0.403	0.563	84.366	22.759
0.573	0.978	93.222	89.328
0.351	0.425	81.032	17.496
0.672	0.724	102.244	31.479
0.025	0.473	3.893	19.397
0.401	0.383	84.277	16.236
0.2	0.124	60.005	8.12
0.857	0.459	148.192	18.821
0.972	0.073	176.019	6.534
0.324	0.697	79.179	29.244
0.733	0.414	107.785	17.16
0.34	0.792	80.323	37.649
0.977	0.767	176.741	35.334
0.397	0.144	84.036	8.87
0.38	0.603	82.963	23.961
0.56	0.019	92.337	3.475
0.464	0.569	87.095	22.929
0.197	0.344	58.87	14.927
0.427	0.624	85.585	24.735
0.093	0.49	14.95	20.135
0.115	0.952	18.941	71.469
0.44	0.893	86.129	50.232
0.201	0.348	60.33	15.067
0.428	0.36	85.615	15.47
0.981	0.62	177.334	24.566
0.829	0.642	129.427	25.603
0.287	0.268	76.137	12.701
0.596	0.008	95.167	2.694
0.899	0.364	164.094	15.626
0.453	0.002	86.663	2.003
0.147	0.898	30.341	51.791
0.129	0.243	22.349	12.023
0.025	0.27	3.831	12.764
0.736	0.063	108.07	6.184
0.373	0.781	82.529	36.611
0.574	0.797	93.351	38.136
0.825	0.884	127.201	48.084
0.814	0.007	121.258	2.648
0.873	0.698	156.321	29.311
0.111	0.475	17.979	19.492
0.953	0.792	173.967	37.632
0.569	0.059	92.947	6.024
0.037	0.786	5.811	37.081
0.245	0.734	70.792	32.339
0.979	0.455	177.063	18.643
0.886	0.115	160.813	7.767
0.241	0.782	70.072	36.736
0.757	0.64	110.059	25.48
0.563	0.471	92.506	19.346
0.305	0.531	77.757	21.793
0.694	0.808	104.182	39.2
0.336	0.399	80.041	16.7
0.206	0.761	61.981	34.867
0.919	0.516	167.956	21.199
0.023	0.329	3.539	14.43
0.964	0.814	175.142	39.813
0.316	0.21	78.599	11.072
0.666	0.845	101.677	43.081
0.534	0.65	90.64	26.025
0.818	0.885	123.12	48.343
0.185	0.807	53.967	39.085
0.4	0.994	84.185	116.174
0.178	0.971	50.331	83.635
0.285	0.122	75.983	8.04
0.629	0.268	98.373	12.706
0.3	0.238	77.341	11.866
0.444	0.786	86.275	37.103
0.73	0.603	107.512	23.937
0.668	0.363	101.904	15.568
0.312	0.321	78.277	14.149
0.479	0.334	87.75	14.568
0.291	0.949	76.565	70.015
0.182	0.233	52.39	11.745
0.361	0.243	81.701	12.026
0.904	0.487	165.071	20.016
0.394	0.803	83.856	38.721
0.78	0.15	112.819	9.121
0.284	0.82	75.853	40.474
0.854	0.589	146.455	23.506
0.172	0.664	46.534	26.873
0.079	0.18	12.736	10.157
0.292	0.959	76.626	75.418
0.84	0.589	137.296	23.492
0.945	0.234	172.928	11.763
0.045	0.642	7.177	25.583
0.758	0.727	110.18	31.787
0.297	0.447	77.063	18.302
0.651	0.929	100.378	63.28
0.085	0.129	13.656	8.305
0.975	0.102	176.555	7.337
0.014	0.074	1.956	6.561
0.539	0.158	90.959	9.378
0.966	0.435	175.353	17.851
0.101	0.953	16.277	71.988
0.257	0.732	72.52	32.184
0.895	0.625	163.249	24.792
0.388	0.634	83.475	25.199
0.794	0.07	115.354	6.428
0.349	0.375	80.95	15.977
0.139	0.223	26.043	11.434
0.651	0.429	100.328	17.648
0.544	0.338	91.273	14.729
0.945	0.548	172.924	22.322
0.572	0.257	93.151	12.425
0.954	0.006	174.079	2.478
0.78	0.21	112.874	11.053
0.118	0.891	19.596	49.656
0.837	0.945	134.982	68.53
0.087	0.914	14.005	57.552
0.749	0.747	109.21	33.574
0.065	0.602	10.48	23.903
0.078	0.775	12.484	36.04
0.105	0.58	16.97	23.25
0.407	0.076	84.593	6.636
0.975	0.847	176.482	43.258
0.165	0.923	41.583	61.153
0.503	0.661	88.951	26.718
0.202	0.206	60.537	10.942
0.2	0.449	59.918	18.389
0.178	0.982	50.147	93.555
0.274	0.92	74.723	60.01
0.131	0.744	22.969	33.301
0.859	0.459	149.47	18.818
0.645	0.742	99.842	33.075
0.603	0.215	95.806	11.202
0.972	0.397	176.078	16.656
0.377	0.413	82.745	17.106
0.819	0.148	123.773	9.027
0.227	0.59	67.304	23.538
0.207	0.271	62.102	12.78
0.194	0.383	57.927	16.239
0.241	0.424	70	17.481
0.98	0.605	177.194	24.03
0.524	0.377	90.102	16.053
0.826	0.967	127.83	80.583
0.671	0.197	102.145	10.688
0.978	0.812	176.884	39.596
0.058	0.986	9.27	97.875
0.337	0.415	80.096	17.191
0.013	0.439	1.769	17.993
0.363	0.831	81.838	41.571
0.21	0.191	63.037	10.492
0.152	0.799	33.115	38.319
0.936	0.398	171.234	16.689
0.401	0.138	84.277	8.67
0.486	0.756	88.092	34.417
0.681	0.67	103.088	27.26
0.854	0.68	146.655	27.996
0.913	0.33	166.771	14.466
0.476	0.951	87.625	70.946
0.714	0.362	106.004	15.562
0.83	0.173	129.964	9.922
0.676	0.517	102.581	21.271
0.34	0.172	80.298	9.876
0.891	0.754	162.201	34.165
0.529	0.785	90.364	36.983
0.874	0.306	156.973	13.724
0.259	0.987	72.786	99.512
0.542	0.771	91.177	35.754
0.216	0.562	64.75	22.73
0.217	0.843	64.935	42.88
0.474	0.778	87.543	36.348
0.893	0.2	162.677	10.778
0.302	0.257	77.478	12.428
0.555	0.891	91.99	49.606
0.755	0.18	109.856	10.154
0.956	0.122	174.393	8.058
0.954	0.922	174.158	60.61
0.333	0.992	79.863	109.365
0.517	0.576	89.679	23.114
0.148	0.647	30.776	25.876
0.357	0.49	81.441	20.15
0.705	0.52	105.172	21.378
0.08	0.516	12.92	21.229
0.252	0.249	71.768	12.197
0.051	0.595	8.255	23.673
0.739	0.231	108.272	11.671
0.014	0.697	1.98	29.292
0.042	0.535	6.737	21.927
0.282	0.014	75.609	3.185
0.041	0.112	6.46	7.671
0.632	0.982	98.641	93.587
0.755	0.332	109.819	14.507
0.051	0.849	8.174	43.486
0.63	0.015	98.392	3.254
0.357	0.124	81.46	8.117
0.808	0.431	119.125	17.708
0.672	0.579	102.214	23.215
0.022	0.773	3.39	35.895
0.69	0.177	103.811	10.05
0.887	0.516	161.273	21.202
0.537	0.673	90.859	27.469
0.885	0.666	160.605	27
0.914	0.168	167.002	9.74
0.849	0.458	143.335	18.751
0.294	0.002	76.759	2.102
0.784	0.748	113.485	33.629
0.494	0.373	88.476	15.926
0.983	0.934	177.658	64.936
0.243	0.345	70.449	14.946
0.073	0.301	11.731	13.584
0.232	0.665	68.334	26.948
0.28	0.365	75.404	15.639
0.971	0.289	175.949	13.245
0.659	0.377	101.09	16.049
0.67	0.295	102.077	13.419
0.21	0.236	63.078	11.809
0.991	0.661	179.091	26.688
0.534	0.295	90.673	13.401
0.574	0.571	93.351	22.975
0.772	0.329	111.77	14.424
0.357	0.578	81.459	23.189
0.257	0.93	72.508	63.549
0.316	0.988	78.643	102.103
0.744	0.425	108.819	17.515
0.5	0.034	88.777	4.387
0.709	0.799	105.559	38.278
0.415	0.937	85.023	65.628
0.21	0.231	63.098	11.68
0.081	0.526	12.993	21.58
0.159	0.969	37.792	82.297
0.504	0.988	89.005	101.584
0.835	0.78	133.81	36.54
0.487	0.123	88.17	8.099
0.433	0.133	85.832	8.453
0.881	0.756	159.251	34.425
0.765	0.531	110.888	21.764
0.055	0.146	8.817	8.951
0.199	0.962	59.743	77.194
0.687	0.652	103.567	26.175
0.899	0.738	164.153	32.727
0.046	0.482	7.307	19.793
0.09	0.384	14.4	16.262
0.441	0.691	86.163	28.829
0.778	0.49	112.541	20.133
0.14	0.829	26.635	41.409
0.679	0.888	102.844	48.911
0.048	0.762	7.618	34.907
0.606	0.553	96.076	22.468
0.45	0.901	86.533	52.595
0.748	0.55	109.133	22.389
0.177	0.954	49.57	72.43
0.655	0.72	100.72	31.177
0.164	0.925	41.087	61.972
0.262	0.871	73.201	45.853
0.095	0.05	15.276	5.527
0.394	0.565	83.881	22.825
0.213	0.365	64.015	15.665
0.641	0.838	99.415	42.372
0.258	0.775	72.642	36.114
0.095	0.91	15.207	56.042
0.07	0.649	11.314	25.993
0.188	0.508	55.428	20.899
0.873	0.713	156.499	30.574
0.981	0.726	177.416	31.681
0.391	0.093	83.662	7.087
0.018	0.003	2.724	2.175
0.045	0.793	7.106	37.719
0.108	0.855	17.453	44.083
0.57	0.674	93.043	27.575
0.839	0.847	136.333	43.236
0.815	0.021	121.836	3.595
0.862	0.589	151.227	23.491
0.853	0.73	146.102	32.052
0.8	0.464	116.564	19.009
0.02	0.475	3.037	19.484
0.523	0.668	90.012	27.128
0.364	0.944	81.882	67.944
0.627	0.031	98.135	4.147
0.916	0.986	167.324	98.078
0.183	0.366	52.73	15.67
0.449	0.706	86.471	29.939
0.257	0.918	72.575	59.057
0.594	0.608	95.004	24.134
0.396	0.855	84.004	44.046
0.874	0.63	156.685	24.998
0.175	0.661	48.26	26.707
0.81	0.81	119.612	39.434
0.794	0.792	115.341	37.639
0.605	0.71	96.003	30.291
0.052	0.827	8.375	41.159
0.691	0.99	103.971	105.335
0.151	0.993	32.678	112.551
0.201	0.084	60.209	6.85
0.103	0.956	16.69	73.176
0.013	0.408	1.779	16.983
0.653	0.745	100.512	33.359
0.242	0.999	70.253	133.436
0.129	0.076	22.429	6.638
0.058	0.272	9.379	12.813
0.707	0.141	105.378	8.773
0.031	0.204	4.766	10.877
0.88	0.328	159.129	14.395
0.016	0.662	2.444	26.784
0.51	0.029	89.32	4.067
0.644	0.361	99.766	15.509
0.697	0.197	104.464	10.685
0.658	0.039	100.995	4.746
0.257	0.494	72.488	20.298
0.998	0.974	179.966	86.087
0.693	0.483	104.1	19.845
0.051	0.584	8.125	23.347
0.102	0.598	16.377	23.765
0.48	0.76	87.824	34.702
0.469	0.698	87.337	29.367
0.266	0.593	73.786	23.629
0.089	0.663	14.343	26.828
0.611	0.658	96.634	26.504
0.395	0.2	83.914	10.753
0.54	0.757	91.004	34.485
0.862	0.475	151.096	19.482
0.752	0.69	109.578	28.684
0.758	0.213	110.162	11.152
0.924	0.889	168.852	49.142
0.329	0.472	79.555	19.368
0.156	0.951	35.841	71.032
0.215	0.707	64.541	30.04
0.113	0.797	18.426	38.1
0.196	0.599	58.5	23.804
0.858	0.599	148.869	23.805
0.228	0.814	67.514	39.84
0.767	0.555	111.131	22.54
