x0	y0	x1	y1
93.519	254.26	118.888	272.842
144.595	75.166	153.104	72.89
223.292	382.085	234.99	381.417
354.044	349.496	372.522	368.783
79.642	385.517	81.703	369.44
353.608	333.942	365.103	245.011
376.432	144.671	379.308	151.615
261.924	314.597	266.715	310.217
243.096	4.053	260.195	4.867
7.085	376.631	42.344	375.616
75.663	397.714	89.117	397.286
65.324	141.003	75.921	144.922
240.915	311.662	308.704	286.446
139.35	305.861	167.933	328.467
285.414	280.181	330.459	284.506
196.49	194.22	201.669	186.44
286.663	204.512	287.432	191.211
377.644	115.146	415.881	131.295
146.755	277.667	157.273	278.343
307.262	311.707	314.694	346.527
362.958	176.079	384.806	171.695
77.212	205.015	92.502	206.771
235.021	290.697	286.318	239.712
46.392	51.167	54.052	63.366
92.284	135.432	121.493	140.158
150.35	162.179	158.542	162.432
-15.998	-0.88	26.711	69.129
146.945	372.126	158.965	373.932
346.627	349.721	349.126	320.986
135.502	350.311	136.777	353.236
192.681	367.968	192.983	380.602
221.344	8.059	258.309	49.91
194.599	153.122	200.234	149.886
69.128	226.473	79.846	203.819
325.618	41.978	336.281	42.062
258.305	321.977	276.468	319.374
312.715	301.83	322.677	289.883
27.874	17.023	58.481	24.696
267.948	197.375	311.02	188.361
160.11	361.196	168.909	375.218
328.229	20.057	328.528	13.165
236.416	112.454	281.233	122.74
310.249	191.796	316.097	208.884
214.885	236.479	227.545	251.321
207.543	139.756	216.233	71.643
314.153	169.997	317.332	168.482
9.163	149.348	9.502	143.902
129.338	367.175	252.446	386.829
283.484	49.307	302.367	49.672
271.084	31.474	283.101	24.552
190.616	355.079	191.48	416.374
343.651	154.853	345.316	199.156
158.305	152.099	192.172	144.119
94.084	89.89	101.754	46.305
16.875	18.601	39.669	24.751
38.357	263.973	41.216	262.289
105.972	240.307	147.045	222.222
207.433	395.811	207.474	393.87
258.59	242.266	271.015	240.768
151.393	29.164	174.071	22.796
335.084	76.682	395.217	53.005
116.039	194.272	118.844	186.047
175.29	1.938	191.963	-0.392
127.294	174.853	138.622	178.314
257.516	109.217	263.181	99.527
66.768	372.835	139.645	377.896
173.506	284.288	209.331	288.378
275.476	63.606	337.572	66.863
27.312	187.555	40.086	193.396
338.244	212.601	362.013	339.604
129.273	182.647	141.985	186.069
288.95	372.257	382.602	391.86
138.17	280.737	139.177	289.295
119.185	148.327	147.835	169.392
186.492	44.039	194.589	50.138
349.112	98.855	364.647	93.238
324.699	340.302	366.773	350.602
153.88	178.771	158.112	170.01
299.604	198.03	322.253	200.264
339.654	279.281	428.841	274.261
165.223	302.762	182.505	305.489
269.624	65.498	300.387	58.823
159.339	330.107	160.656	349.459
122.063	377.918	138.219	379.537
299.318	233.338	306.351	237.397
76.117	208.898	86.037	192.903
284.222	79.171	284.675	72.653
34.315	-2.01	63.039	3.48
90.025	353.652	106.366	348.41
38.765	50.48	75.878	56.809
94.847	26.735	96.856	-8.542
19.163	375.194	27.985	376.115
245.025	115.712	268.806	118.647
348.772	65.801	352.244	65.66
300.116	159.06	323.016	160.222
312.535	179.972	325.312	187.689
169.779	172.66	194.441	174.564
161.436	197.077	166.631	216.531
312.749	304.699	335.947	372.298
216.915	20.37	267.032	23.761
255.344	217.942	268.436	225.4
133.566	274.719	148.991	275.901
107.533	275.493	108.675	250.953
387.185	273.467	406.962	257.207
247.232	187.372	259.563	190.415
83.942	387.933	86.625	387.69
49.608	168.393	53.89	153.365
190.248	339.763	192.247	339.879
356.549	280.309	382.711	325.007
237.218	207.48	241.79	218.6
390.042	343.292	390.895	356.028
289.777	187.805	295.657	185.887
124.541	0.871	160.841	5.632
153.554	292.221	191.625	289.992
40.135	301.172	78.435	272.1
4.099	75.658	6.363	74.283
280.341	271.849	292.112	245.005
38.265	207.522	44.282	226.062
176.536	152.84	180.491	115.417
253.032	255.318	259.048	255.009
394.858	313.235	398.613	350.126
182.968	278.27	213.507	288.91
193.262	148.729	194.217	130.111
68.101	54.999	70.653	47.663
284.66	148.971	319.196	161.492
169.591	375.641	193.525	366.901
194.804	322.179	214.131	321.333
72.37	301.168	93.667	305.789
72.461	387.702	110.466	378.098
230.061	396.122	246.509	399.01
214.559	234.387	245.339	250.766
28.614	22.117	33.038	1.385
13.771	127.377	14.662	141.779
255.433	130.898	258.804	91.228
366.019	45.785	376.873	47.973
218.142	21.647	260.332	12.928
211.348	148.269	237.372	147.978
190.167	147.958	230.655	121.544
378.235	57.965	409.842	80.957
145.269	242.824	260.845	254.595
240.926	132.443	305.304	185.832
236.716	381.297	244.517	383.244
89.262	262.265	101.833	260.415
97.478	130.197	109.055	132.798
273.212	77.653	310.236	80.064
169.614	49.738	192.442	42.536
62.434	399.992	77.667	396.781
291.752	150.273	305.606	153.148
34.717	224.509	49.274	225.081
311.769	284.953	379.867	301.221
241.206	344.738	250.51	351.906
216.914	228	228.814	229.736
128.933	14.085	134.089	-5.256
162.003	360.454	200.502	364.598
195.973	310.03	204.38	306.493
52.723	148.056	91.97	157.948
205.358	47.414	218.347	27.823
20.358	10.618	39.862	29.105
109.983	323.512	112.222	333.418
48.393	323.007	121.766	340.452
105.95	270.525	121.883	253.261
357.313	58.968	358.762	47.294
176.896	124.033	180.092	149.415
297.076	298.031	326.912	287.066
343.329	360.868	361.166	364.965
134.127	284.178	196.372	272.779
24.543	92.597	26.504	100.667
133.975	261.305	134.415	253.981
289.378	109.021	289.602	115.579
130.358	383.133	139.735	382.976
251.442	72.255	252.889	54.462
326.158	132.784	346.334	201.887
327.104	95.97	357.802	105.637
152.971	49.626	160.116	25.886
139.68	329.655	164.715	332.519
355.274	211.498	361.083	208.746
249.837	265.842	265.615	268.356
293.922	158.175	298.941	168.447
233.44	338.618	250.802	335.454
353.87	295.086	368.595	294.759
116.117	150.366	118.867	128.214
70.301	379.917	82.707	379.234
354.453	259.904	354.708	257.439
196.244	16.259	206.428	11.963
342.496	215.19	359.15	261.969
51.441	190.349	99.914	141.906
296.277	2.838	310.205	58.68
273.947	216.743	305.652	205.696
375.316	373.181	379.664	396.685
215.163	265.902	222.954	301.09
281.305	210.272	288.09	232.509
152.259	96.87	158.865	97.495
39.022	332.805	41.677	289.629
350.627	237.905	391.215	283.647
99.936	331.854	126.65	332.343
231.466	256.729	240.993	262.111
36.188	187.326	52.1	196.543
300.292	168.05	372.114	228.002
98.241	144.043	156.13	159.855
306.643	164.864	319.638	195.525
102.224	333.805	111.783	317.596
71.164	374.338	103.752	368.684
201.146	59.559	212.291	58.426
107.011	308.237	108.15	291.62
63.983	389.183	80.952	391.343
203.679	392.426	211.182	387.408
214.255	135.709	235.971	144.791
46.015	154.59	57.31	160.57
95.667	376.069	109.427	384.692
278.961	39.67	295.388	45.649
383.976	385.905	385.152	361.903
32.03	138.479	48.083	138.451
273.465	237.936	337.113	188.513
373.962	216.642	384.411	214.393
326.378	305.656	328.53	266.118
115.434	114.018	131.2	210.614
251.364	59.637	268.299	62.594
381.064	127.101	381.62	145.086
360.918	247.711	402.068	253.613
131.316	20.57	140.667	25.328
94.523	324.62	115.457	356.715
64.91	93.305	67.453	76.811
124.554	215.352	133.181	216.217
186.851	54.022	221.249	55.168
356.312	133.033	382.863	126.86
196.689	260.124	212.078	236.737
101.393	109.434	104.704	95.352
-16.858	252.481	54.027	255.42
159.663	196.414	174.622	192.124
337.798	378.457	345.403	372.084
128.512	345.317	149.272	340.684
47.71	147.521	57.444	149.186
144.573	141.946	155.017	109.416
234.077	331.531	271.059	331.296
153.347	187.052	158.716	174.421
228.324	111.626	323.378	141.076
257.892	39.491	293.639	38.756
211.681	21.112	232.239	30.808
152.429	266.7	191.27	284.866
162.931	266.441	199.245	267.999
120.973	366.963	124.182	356.674
225.276	119.33	237.408	122.025
339.36	373.985	388.936	372.262
52.266	82.518	61.817	79.069
165.625	320.961	166.413	312.942
81.286	120	87.455	59.704
117.671	2.678	225.329	21.927
41.519	344.749	64.633	344.878
177.418	262.927	190.659	285.159
367.22	375.331	387.145	378.329
294.473	273.139	315.106	267.544
370.791	326.902	375.537	347.594
182.479	142.85	194.064	146.666
239.736	145.233	243.135	168.66
188.455	228.905	199.537	225.245
43.016	23.423	44.029	52.698
97.805	66.626	100.377	88.401
197.863	234.831	200.949	235.622
148.715	296.791	149.578	304.413
327.614	353.926	420.139	339.865
202.771	151.178	216.418	146.259
123.766	298.004	129.949	341.048
109.577	23.563	112.796	23.088
311.002	248.772	319.03	249.977
273.25	146.966	288.72	138.347
54.666	237.627	77.356	232.715
24.722	347.598	26.844	383.43
297.002	80.976	306.762	78.577
244.76	157.673	251.568	137.594
54.098	268.769	81.563	268.357
20.403	319.992	29.369	294.524
42.516	213.644	44.707	204.154
147.088	338.751	158.285	323.709
66.701	210.598	68.747	211.079
104.039	207.403	134.883	194.001
68.924	167.778	84.844	168.201
101.541	177.36	104.195	112.479
65.45	46.871	79.535	51.872
189.545	112.615	192.306	125.915
295.773	105.696	320.817	115.645
3.548	306.12	18.682	310.061
210.456	317.878	211.392	304.667
344.253	59.058	360.002	55.971
142.664	207.614	155.787	204.807
13.919	236.223	24.448	241.57
55.24	215.68	55.663	188.995
121.897	154.519	135.297	154.361
50.465	171.111	73.4	169.768
46.194	7.379	59.589	2.029
77.056	366.011	99.988	369.455
60.247	22.225	120.857	41.327
2.515	192.896	102.618	213.003
384.336	330.894	400.915	325.244
128.612	239.311	132.999	239.405
184.338	174.795	221.214	164.528
239.887	220.877	305.267	226.571
34.46	312.996	44.875	318.28
45.135	56.573	49.987	77.6
-5.04	355.663	45.391	420.698
320.917	188.519	422.486	190.283
256.3	384.545	282.669	359.249
33.896	360.246	41.99	360.505
192.823	300.046	201.254	300.66
178.523	286.723	190.719	254.532
139.92	263.085	160.253	255.326
395.754	24.876	397.126	33.722
37.201	149.975	103.879	188.871
312.652	215.4	338.096	209.26
22.91	392.823	31.847	361.34
158.921	275.074	161.439	294.706
54.436	281.921	58.48	297.672
62.942	187.087	91.706	189.016
327.243	51.972	345.838	44.254
278.684	294.732	297.248	331.746
83.041	180.699	130.728	169.827
195.687	155.283	200.314	189.882
22.075	12.188	44.416	9.81
115.304	57.034	167.803	60.215
377.107	172.707	398.26	165.369
222.319	283.369	277.452	330.341
250.531	4.806	281.164	-0.993
104.632	218.084	145.36	264.793
140.328	355.605	184.224	368.857
397.703	279.999	399.159	285.331
330.685	103.798	353.381	106.231
374.379	336.999	388.46	343.862
304.022	136.908	345.822	129.976
295.638	225.927	330.108	236.701
99.801	146.069	114.502	200.149
302.311	7.894	307.41	33.382
385.92	285.992	403.129	297.851
111.346	233.287	123.538	205.249
159.026	316.313	160.455	284.664
321.331	19.917	328.375	20.7
30.809	284.9	30.912	287.073
143.146	100.363	147.812	137.792
170.426	92.364	183.648	134.418
48.918	332.683	76.454	331.219
217.956	50.196	247.808	18.92
386.538	18.011	389.592	16.115
390.146	149.792	401.454	129.201
61.643	230.237	79.519	203.632
208.351	248.035	225.353	239.534
153.205	98.82	154.238	118.277
256.902	82.095	284.03	82.089
74.086	147.855	141.349	157.45
185.648	189.317	189.753	188.73
57.959	382.051	79.481	286.363
141.441	43.844	153.911	53.333
275.221	269.402	305.103	271.245
166.286	189.832	222.633	207.517
13.5	361.948	37.542	359.843
291.916	218.205	335.721	222.806
162.382	62.904	172.276	39.947
382.443	167.914	402.371	185.694
96.012	86.662	130.295	67.177
322.144	182.015	356.162	165.905
17.833	91.637	47.958	88.469
351.586	364.079	357.581	404.798
137.663	192.087	239.881	166.655
13.256	263.49	74.024	358.226
130.339	61.586	136.284	64.99
324.459	311.677	345.475	381.77
110.476	73.971	111.004	90.946
218.414	74.223	251.214	68.137
271.899	43.415	397.487	88.498
27.195	223.04	29.728	229.175
280.067	284.551	282.156	297.194
275.3	351.531	283.759	349.204
185.133	277.95	186.037	288.79
172.208	197.71	177.337	184.26
224.3	314.732	225.442	341.492
369.36	6.621	373.427	6.669
84.544	399.76	99.829	397.129
83.552	255.292	93.899	252.624
165.757	171.843	170.416	170.938
123.73	8.303	143.087	14.411
345.897	344.377	345.949	258.29
61.254	85.871	80.501	81.036
195.678	388.226	198.977	411.338
168.535	351.499	175.236	374.3
208.367	284.327	243.044	285.645
247.797	291.691	277.133	293.055
380.077	185.696	402.766	192.294
89.542	332.008	96.187	358
83.162	67.697	109.488	64.635
313.388	247.601	324.08	248.741
315.429	117.235	349.908	116.63
40.695	190.984	50.111	173.929
371.812	23.061	398.838	13.45
53.695	72.987	64.163	69.143
52.7	47.28	62.202	-0.935
360.569	376.008	379.615	379.52
182.018	108.306	223.61	165.888
48.379	200.724	75.502	213.637
133.299	232.025	145.342	268.172
253.78	88.687	274.077	101.125
118.555	216.638	130.862	196.261
122.224	314.998	159.035	330.235
48.626	143.369	69.65	135.243
